KEYFRAME: LHand, RHand, ['HeadYaw', 'HeadPitch', 'LShoulderPitch', 'LShoulderRoll', 'LElbowYaw', 'LElbowRoll', 'LWristYaw', 'LHipYawPitch', 'LHipRoll', 'LHipPitch', 'LKneePitch', 'LAnklePitch', 'LAnkleRoll', 'RHipYawPitch', 'RHipRoll', 'RHipPitch', 'RKneePitch', 'RAnklePitch', 'RAnkleRoll', 'RShoulderPitch', 'RShoulderRoll', 'RElbowYaw', 'RElbowRoll', 'RWristYaw']
T1F1	: Ture, Ture, [-0.1503739356994629, -0.37433791160583496, 1.6873581409454346, 0.01683211326599121, -1.5877318382263184, -1.3084601163864136, -0.8314700126647949, -0.40646815299987793, 0.047595977783203125, 0.3083760738372803, 0.04904603958129883, -0.042994022369384766, -0.022968053817749023, -0.40646815299987793, -0.17176604270935059, 0.2269899845123291, -0.06285214424133301, 0.13196587562561035, 0.1104898452758789, 1.5723919868469238, -0.013848066329956055, 1.9680800437927246, 0.4019498825073242, -0.49245595932006836]
T1F2	: Ture, Ture, [-0.09821796417236328, -0.357464075088501, 0.7577540874481201, -0.07980990409851074, -1.2870678901672363, -1.5048121213912964, -0.6029040813446045, -0.40646815299987793, -0.10120201110839844, 0.0844118595123291, -0.09208202362060547, 0.19631004333496094, 0.04912996292114258, -0.40646815299987793, -0.23466014862060547, 0.02143406867980957, -0.06438612937927246, 0.16571402549743652, 0.22093796730041504, 1.5938677787780762, -0.16571402549743652, 1.87757408618927, 0.584496021270752, 0.15949392318725586]
T1F3	: True, True, [-0.15190792083740234, -0.37433791160583496, 1.1182441711425781, -0.04912996292114258, -1.679771900177002, -1.061486005783081, -0.9848699569702148, -0.40646815299987793, 0.047595977783203125, 0.3083760738372803, 0.04904603958129883, -0.042994022369384766, -0.022968053817749023, -0.40646815299987793, -0.17176604270935059, 0.2269899845123291, -0.06285214424133301, 0.13196587562561035, 0.1104898452758789, 1.4573421478271484, -0.2086658477783203, 1.7395141124725342, 0.38200807571411133, 0.04597806930541992]
T1F4	: True, True, [-0.1503739356994629, -0.37433791160583496, 1.3299360275268555, -0.09975194931030273, -1.6536941528320312, -1.0829620361328125, -0.9603261947631836, -0.39266204833984375, 0.042994022369384766, 0.13963603973388672, 0.440216064453125, -0.2454819679260254, 0.0061779022216796875, -0.39266204833984375, -0.07819199562072754, 0.13648414611816406, -0.06131792068481445, 0.2516179084777832, 0.052197933197021484, 1.446603775024414, -0.1334998607635498, 1.7441160678863525, 0.3697359561920166, 0.06438612937927246]
T1F5	: True, True, [-0.1503739356994629, -0.37433791160583496, 1.0798940658569336, -0.027653932571411133, -0.9265780448913574, -1.1995460987091064, -1.1597461700439453, -0.39266204833984375, 0.042994022369384766, 0.13963603973388672, 0.440216064453125, -0.2454819679260254, 0.0061779022216796875, -0.39266204833984375, -0.07819199562072754, 0.13648414611816406, -0.06131792068481445, 0.2516179084777832, 0.052197933197021484, 1.2978057861328125, -0.08901405334472656, 1.857632040977478, 1.1628141403198242, 0.9433679580688477]
T1F6	: True, True, [-0.1503739356994629, -0.37433791160583496, 1.2670420408248901, -0.08594608306884766, -1.60614013671875, -1.2409640550613403, -1.1950278282165527, -0.45555615425109863, 0.14577198028564453, 0.04912996292114258, 0.3512439727783203, -0.15190792083740234, -0.06592011451721191, -0.45555615425109863, 0.06293606758117676, 0.18864011764526367, -0.06592011451721191, 0.11509203910827637, -0.047512054443359375, 1.395981788635254, -0.18105387687683105, 1.7517861127853394, 1.182755947113037, 0.4033999443054199]
T1F7	: True, True, [-0.1503739356994629, -0.37126994132995605, 1.5201520919799805, 0.02603602409362793, -1.6153440475463867, -1.309994101524353, -1.1106581687927246, -0.4233419895172119, 0.3267838954925537, -0.056715965270996094, 0.19937801361083984, 0.2009119987487793, -0.19324207305908203, -0.4233419895172119, 0.28996801376342773, 0.4831681251525879, -0.06438612937927246, -0.03523993492126465, -0.2607381343841553, 1.7135200500488281, 0.06285214424133301, 1.8330880403518677, 1.4005842208862305, 0.6181600093841553]
T1F8	: True, True, [-0.12429594993591309, -0.43723201751708984, -0.04146003723144531, 0.46169209480285645, -1.0907158851623535, -1.533958077430725, 0.8881440162658691, -0.44481801986694336, 0.14423799514770508, -0.01222991943359375, 0.4693620204925537, -0.20099592208862305, -0.05824995040893555, -0.44481801986694336, 0.09208202362060547, 0.20244598388671875, -0.06438612937927246, 0.1334998607635498, -0.06131792068481445, 0.4525718688964844, -0.6351180076599121, 1.7671260833740234, 1.5048961639404297, -0.44950389862060547]
T1F9	: True, True, [-0.12429594993591309, -0.43723201751708984, 0.32976794242858887, 0.5276541709899902, -1.529439926147461, -1.4311801195144653, 0.8114440441131592, -0.44481801986694336, 0.14423799514770508, -0.01222991943359375, 0.4693620204925537, -0.20099592208862305, -0.05824995040893555, -0.44481801986694336, 0.09208202362060547, 0.20244598388671875, -0.06438612937927246, 0.1334998607635498, -0.06131792068481445, 0.5231359004974365, -0.4755818843841553, 1.765592098236084, 1.4926238059997559, -0.6059720516204834]
T1F10	: True, True, [-0.12429594993591309, -0.43723201751708984, 1.1397199630737305, 0.3128941059112549, -1.7457342147827148, -1.5063461065292358, 1.5554341077804565, -0.44481801986694336, 0.14423799514770508, -0.01222991943359375, 0.4693620204925537, -0.20099592208862305, -0.05824995040893555, -0.44481801986694336, 0.09208202362060547, 0.20244598388671875, -0.06438612937927246, 0.1334998607635498, -0.06131792068481445, 1.0631041526794434, -0.39427995681762695, 1.8545640707015991, 1.1643481254577637, -0.8069260120391846]
